-30                       3.3449307193421496E-5
-29.937210687147704       3.360154745781147E-5
-29.874421374295416       3.375448062438825E-5
-29.81163206144312        3.390810984680795E-5
-29.74884274859083        3.406243829308013E-5
-29.68605343573854        3.42174691456332E-5
-29.623264122886248       3.437320560137992E-5
-29.560474810033956       3.452965087178343E-5
-29.497685497181667       3.4668167297305486E-5
-29.434896184329375       3.480723938440118E-5
-29.37210687147708        3.4946869362118604E-5
-29.30931755862479        3.508705946844788E-5
-29.246528245772495       3.522781195035672E-5
-29.183738932920207       3.5369129063826724E-5
-29.120949620067915       3.551101307388931E-5
-29.058165593742014       3.562462729740795E-5
-28.995381567416107       3.5738605019195695E-5
-28.9325975410902         3.585294740223184E-5
-28.869813514764303       3.596765561321652E-5
-28.807029488438396       3.608273082258266E-5
-28.744245462112488       3.619817420450788E-5
-28.681461435786584       3.631398693692642E-5
-28.620626217143293       3.64013010074474E-5
-28.5597909985            3.648882501765155E-5
-28.498955779856708       3.657655947232196E-5
-28.438120561213413       3.666450487745548E-5
-28.37728534257012        3.675266174026562E-5
-28.316450123926824       3.6841030569185396E-5
-28.25561490528353        3.69296118738703E-5
-28.199405445145054       3.699454442119881E-5
-28.14319598500657        3.7059591138037614E-5
-28.086986524868088       3.712475222512849E-5
-28.03077706472961        3.719002788356624E-5
-27.97456760459113        3.725541831479922E-5
-27.91835814445265        3.7320923720629936E-5
-27.86214868431417        3.7386544303215805E-5
-27.811160071467636       3.743176618933985E-5
-27.76017145862109        3.747704277479554E-5
-27.709182845774553       3.752237412574587E-5
-27.658194232928018       3.7567760308433834E-5
-27.607205620081483       3.7613201389182735E-5
-27.556217007234938       3.765869743439589E-5
-27.505228394388404       3.770424851055707E-5
-27.458975703462144       3.773159869174458E-5
-27.41272301253588        3.775896871240487E-5
-27.36647032160962        3.77863585869292E-5
-27.320217630683352       3.7813768329719304E-5
-27.273964939757093       3.784119795518742E-5
-27.227712248830834       3.786864747775613E-5
-27.18145955790457        3.789611691185859E-5
-27.1395029078722         3.791204680373695E-5
-27.097546257839824       3.792798339185431E-5
-27.05558960780745        3.794392667902544E-5
-27.013632957775076       3.7959876668066354E-5
-26.9716763077427         3.797583336179422E-5
-26.92971965771033        3.799179676302742E-5
-26.887763007677954       3.8007766874585485E-5
-26.84970337429354        3.801276415559415E-5
-26.811643740909123       3.801776209364793E-5
-26.77358410752471        3.8022760688833256E-5
-26.73552447414029        3.802775994123643E-5
-26.697464840755877       3.8032759850943916E-5
-26.65940520737146        3.803776041804216E-5
-26.621345573987046       3.804276164261758E-5
-26.586820994871015       3.803811864189216E-5
-26.552296415754984       3.803347620783054E-5
-26.51777183663895        3.802883434036356E-5
-26.483247257522923       3.802419303942204E-5
-26.448722678406888       3.8019552304936875E-5
-26.414198099290857       3.801491213683894E-5
-26.379673520174826       3.801027253505907E-5
-26.348355652343262       3.79975976218487E-5
-26.317037784511694       3.798492693521746E-5
-26.28571991668013        3.797226047375595E-5
-26.25440204884857        3.7959598236055265E-5
-26.223084181017          3.794694022070694E-5
-26.191766313185436       3.793428642630299E-5
-26.16044844535387        3.792163685143589E-5
-26.13203944242785        3.7901116419614355E-5
-26.103630439501828       3.788060709195809E-5
-26.0752214365758         3.786010886245829E-5
-26.04681243364978        3.7839621725109466E-5
-26.018403430723758       3.781914567390934E-5
-25.989994427797733       3.7798680702858913E-5
-25.961585424871714       3.777822680596239E-5
-25.93581510407889        3.7750928108112624E-5
-25.910044783286075       3.772364913641115E-5
-25.884274462493252       3.769638987660381E-5
-25.858504141700433       3.766915031444663E-5
-25.832733820907617       3.76419304357061E-5
-25.806963500114797       3.761473022615884E-5
-25.781193179321974       3.758754967159183E-5
-25.757816461210783       3.7552974622471685E-5
-25.734439743099585       3.751843137734074E-5
-25.71106302498839        3.7483919906943886E-5
-25.687686306877197       3.744944018205302E-5
-25.66430958876601        3.741499217346697E-5
-25.640932870654815       3.738057585201136E-5
-25.61755615254362        3.7346191188538645E-5
-25.59635070751492        3.730416165695059E-5
-25.575145262486213       3.726217942554152E-5
-25.553939817457508       3.7220244441079566E-5
-25.53273437242881        3.717835665039288E-5
-25.511528927400104       3.713651600036943E-5
-25.4903234823714         3.709472243795693E-5
-25.469118037342696       3.705297591016286E-5
-25.449882196829137       3.700192815697564E-5
-25.43064635631557        3.695095073209654E-5
-25.411410515802007       3.6900043538634465E-5
-25.392174675288448       3.684920647983181E-5
-25.37293883477488        3.6798439459064376E-5
-25.35370299426132        3.6747742379840984E-5
-25.334467153747756       3.669711514580338E-5
-25.317017987299007       3.663479121976447E-5
-25.299568820850258       3.6572573140513315E-5
-25.282119654401505       3.6510460728286774E-5
-25.264670487952753       3.6448453803626994E-5
-25.247221321504004       3.638655218738105E-5
-25.22977215505525        3.6324755700700116E-5
-25.212322988606502       3.6263064165039155E-5
-25.196494544380027       3.618166328575586E-5
-25.18066610015355        3.6100445129673155E-5
-25.164837655927077       3.601940928662637E-5
-25.1490092117006         3.593855534737147E-5
-25.133180767474123       3.58578829035831E-5
-25.117352323247655       3.5777391547852524E-5
-25.101523879021176       3.5697080873685435E-5
-25.087020467732437       3.556959644203972E-5
-25.072517056443697       3.544256729356882E-5
-25.058013645154958       3.531599180232699E-5
-25.043510233866215       3.5189868348175196E-5
-25.029006822577482       3.5064195316760387E-5
-25.01450341128874        3.493897109949486E-5
-25                       3.4814194093535565E-5
