-30                       -0.21206413526978465
-29.890118702508488       -0.20912052463249656
-29.78023740501698        -0.20621758913135543
-29.670356107525468       -0.20335476894018004
-29.560474810033956       -0.2005315119108492
-29.450593512542444       -0.19807409400127907
-29.34071221505093        -0.19564665234656284
-29.230830917559423       -0.1932488227603235
-29.120949620067915       -0.19088024546499222
-29.011077573997582       -0.1890100220438378
-28.90120552792725        -0.18715803662944486
-28.791333481856917       -0.18532411210175787
-28.681461435786584       -0.18350807305457809
-28.574999803160818       -0.18215310835827303
-28.46853817053506        -0.18080809962008226
-28.362076537909292       -0.1794729739969545
-28.25561490528353        -0.17814765917680037
-28.157248350041193       -0.177183081532365
-28.058881794798854       -0.17622370012495414
-27.96051523955651        -0.17526948708569765
-27.86214868431417        -0.17432041469461648
-27.77291861183273        -0.17366888728544896
-27.683688539351287       -0.17301978187628753
-27.594458466869845       -0.1723730895055933
-27.505228394388404       -0.17172880124484916
-27.424286185267448       -0.17134163742846623
-27.34334397614649        -0.17095534118251213
-27.26240176702553        -0.1705699105730505
-27.18145955790457        -0.1701853436704378
-27.108035420347914       -0.16996090526798552
-27.034611282791264       -0.16973676066585286
-26.96118714523461        -0.16951290948185052
-26.887763007677954       -0.16928935133428377
-26.821158649255228       -0.16921628380845746
-26.754554290832502       -0.1691432473192889
-26.687949932409772       -0.16907024185375993
-26.621345573987046       -0.16899726739885704
-26.560927560533994       -0.16905602958213803
-26.500509547080934       -0.16911481219648436
-26.440091533627882       -0.16917361524899896
-26.379673520174826       -0.16923243874678762
-26.324867251469588       -0.16940132927791854
-26.270060982764345       -0.16957038808309216
-26.21525471405911        -0.16973961532971493
-26.16044844535387        -0.16990901118535998
-26.110732690233334       -0.17018715440685545
-26.061016935112793       -0.17046575180011717
-26.01130117999225        -0.17074480410504803
-25.961585424871714       -0.17102431206275287
-25.91648736348428        -0.1713998033683623
-25.87138930209684        -0.17177611666905085
-25.82629124070941        -0.17215325375952514
-25.781193179321974       -0.1725312164383996
-25.740283922627384       -0.17301478046233298
-25.699374665932798       -0.17349969549015362
-25.65846540923821        -0.17398596528560187
-25.61755615254362        -0.17447359362287512
-25.58044662374339        -0.17507300759191807
-25.54333709494316        -0.17567447400003236
-25.506227566142925       -0.17627799985393786
-25.469118037342696       -0.17688359218420846
-25.435455316443964       -0.1776286812326463
-25.401792595545228       -0.1783768979713542
-25.368129874646492       -0.17912825548904837
-25.334467153747756       -0.17988276692906674
-25.30393111246244        -0.18081811441648948
-25.27339507117713        -0.18175830825863323
-25.242859029891818       -0.18270337348687454
-25.212322988606502       -0.18365333526151426
-25.18462321121017        -0.18491764324395768
-25.156923433813837       -0.1861906235488759
-25.129223656417505       -0.18747233547151151
-25.101523879021176       -0.18876283871135993
-25.07614290926588        -0.19083666225400425
-25.05076193951059        -0.19293318602749843
-25.025380969755297       -0.19505265769957278
-25                       -0.09958364045426746
-24.97388749941339        -0.0019925910806648604
-24.947774998826777       -0.002013444099225983
-24.921662498240163       -0.002034514569131755
-24.89554999765355        -0.002055804750696634
-24.86678907505082        -0.002069686127699542
-24.838028152448093       -0.0020836608999432655
-24.809267229845364       -0.0020977296937961095
-24.780506307242636       -0.002111893139815207
-24.748749544432627       -0.002123121921611869
-24.716992781622615       -0.002134410191849917
-24.685236018812603       -0.0021457582646839837
-24.653479256002598       -0.002157166455922986
-24.61841459346601        -0.0021669208445942462
-24.58334993092943        -0.0021767191824835544
-24.548285268392842       -0.0021865616669737454
-24.513220605856255       -0.0021964484963315706
-24.474503480663607       -0.0022052506857306435
-24.435786355470963       -0.0022140880225555255
-24.39706923027832        -0.0022229606467012017
-24.358352105085668       -0.0022318686986178685
-24.315602063382606       -0.0022398884624716085
-24.272852021679537       -0.0022479369396834477
-24.23010197997647        -0.0022560142327263076
-24.18735193827341        -0.002264120444437765
-24.14014889675086        -0.0022715567887177323
-24.092945855228308       -0.002279017468767553
-24.04574281370576        -0.0022865025639707244
-23.99853977218321        -0.0022940121539689485
-23.946419890128745       -0.002300979188287387
-23.894300008074282       -0.0023079673052734295
-23.842180126019816       -0.0023149765685190698
-23.790060243965353       -0.002322007041807562
-23.732511339041764       -0.0023285025979562428
-23.67496243411817        -0.0023350162587552994
-23.617413529194582       -0.002341548074503745
-23.55986462427099        -0.002348098095639947
-23.496321209800872       -0.0023542134003587695
-23.432777795330747       -0.002360344573646911
-23.36923438086063        -0.0023664916565484385
-23.30569096639051        -0.0023726546902132738
-23.235528639254028       -0.0023784436487756353
-23.165366312117545       -0.0023842466804222767
-23.09520398498106        -0.002390063819254843
-23.02504165784458        -0.0023958950994573754
-22.947570967626437       -0.0024013258542428147
-22.8701002774083         -0.002406768874095705
-22.792629587190167       -0.002412224186626411
-22.715158896972028       -0.002417691819507276
-22.629925746924947       -0.0024228131146944902
-22.54469259687787        -0.002427945218646589
-22.459459446830788       -0.0024330881541022387
-22.37422629678371        -0.0024382419438477927
-22.281477925126094       -0.002443018358876734
-22.188729553468477       -0.0024478040966346925
-22.095981181810863       -0.0024525991752590835
-22.003232810153246       -0.0024574036129225043
-21.90312073782708        -0.002461804607987247
-21.80300866550092        -0.002466213455963794
-21.702896593174753       -0.0024706301708188236
-21.602784520848587       -0.0024750547665437776
-21.495036382774074       -0.0024791413199603493
-21.387288244699562       -0.0024832345959773655
-21.279540106625056       -0.002487334605617879
-21.171791968550544       -0.002491441359922968
-21.059743114518024       -0.0024951797664731373
-20.947694260485505       -0.0024989237625185124
-20.835645406452983       -0.0025026733563897354
-20.723596552420464       -0.0025064285564298286
-20.611530662918074       -0.0025096880981366463
-20.499464773415685       -0.0025129518636146033
-20.387398883913296       -0.0025162198583194985
-20.275332994410903       -0.00251949208771416
-20.16326710490851        -0.00252238666774273
-20.05120121540612        -0.0025252845614811663
-19.93913532590373        -0.0025281857727110038
-19.82706943640134        -0.0025310903052180814
-19.715003546898952       -0.0025336592283816575
-19.602937657396563       -0.0025362307495286006
-19.490871767894173       -0.0025388048712779265
-19.378805878391784       -0.002541381596251243
-19.26673998888939        -0.0025437284367977133
-19.154674099387          -0.002546077437012558
-19.042608209884612       -0.0025484285988770445
-18.93054232038222        -0.0025507819243742653
-18.81847643087983        -0.0025528899083860856
-18.70641054137744        -0.002554999628293682
-18.594344651875048       -0.0025571110855220334
-18.48227876237266        -0.0025592242814972918
-18.37021287287027        -0.0025611588527817775
-18.25814698336788        -0.0025630948813424943
-18.14608109386549        -0.002565032368273759
-18.0340152043631         -0.002566971314670705
-17.92194931486071        -0.002568747821257025
-17.80988342535832        -0.002570525553012804
-17.69781753585593        -0.0025723045107803556
-17.58575164635354        -0.0025740846954025705
-17.47368575685115        -0.0025757441412458757
-17.361619867348757       -0.002577404653262805
-17.249553977846368       -0.0025790662321362907
-17.13748808834398        -0.002580728878549695
-17.025422198841586       -0.0025822610457049357
-16.913356309339196       -0.0025837941193869716
-16.801290419836807       -0.002585328100130522
-16.689224530334418       -0.0025868629884706227
-16.577158640832028       -0.0025883162395364074
-16.46509275132964        -0.0025897703043305286
-16.35302686182725        -0.002591225183307284
-16.240960972324856       -0.0025926808769212253
-16.128895082822467       -0.002594037665040428
-16.016829193320078       -0.0025953951608444687
-15.904763303817688       -0.0025967533647013835
-15.792697414315299       -0.0025981122769793887
-15.68063152481291        -0.0025994043784675746
-15.568565635310517       -0.002600697120495745
-15.456499745808125       -0.0026019905033805185
-15.344433856305736       -0.0026032845274386704
-15.232367966803345       -0.0026045070020972584
-15.120302077300954       -0.0026057300489995775
-15.008236187798563       -0.0026069536684127383
-14.896170298296173       -0.0026081778606039724
-14.784104408793782       -0.0026093631239226356
-14.672038519291393       -0.0026105489242674927
-14.559972629789005       -0.0026117352618812272
-14.447906740286616       -0.0026129221370066093
-14.335840850784225       -0.002614044971901093
-14.223774961281835       -0.0026151682878592227
-14.111709071779446       -0.0026162920850865447
-13.999643182277055       -0.002617416363788691
-13.887577292774665       -0.002618522746208745
-13.775511403272274       -0.0026196295950117964
-13.663445513769883       -0.002620736910393963
-13.551379624267492       -0.0026218446925514428
-13.4393137347651         -0.002622904775957416
-13.327247845262711       -0.0026239652868169185
-13.215181955760324       -0.0026250262253018765
-13.10311606625793        -0.0026260875915842838
-12.991050176755541       -0.00262714408334398
-12.878984287253152       -0.002628200999092245
-12.76691839775076        -0.002629258338998853
-12.654852508248371       -0.0026303161032336458
-12.542786618745982       -0.002631347916089405
-12.430720729243593       -0.0026323801327506123
-12.318654839741201       -0.002633412753374955
-12.206588950238812       -0.002634445778120185
-12.094523060736423       -0.0026354811337898354
-11.982457171234032       -0.0026365168955056304
-11.870391281731642       -0.0026375530634265183
-11.758325392229253       -0.0026385896377114876
-11.646259502726863       -0.002639611905092679
-11.534193613224472       -0.002640634567748547
-11.422127723722083       -0.002641657625831654
-11.310061834219693       -0.00264268107949462
-11.197995944717302       -0.0026436994585120866
-11.085930055214913       -0.0026447182292573153
-10.973864165712524       -0.002645737391880724
-10.861798276210134       -0.002646756946532812
-10.749732386707745       -0.0026477752841668842
-10.637666497205354       -0.0026487940129549074
-10.525600607702964       -0.002649813133046891
-10.413534718200575       -0.0026508326445929035
-10.301468828698185       -0.0026518695985980924
-10.189402939195796       -0.002652906957653501
-10.077337049693407       -0.0026539447219171308
-9.965271160191016        -0.002654982891547056
-9.853205270688626        -0.002656041837577691
-9.741139381186237        -0.002657101205445285
-9.629073491683847        -0.0026581609953176886
-9.517007602181456        -0.002659221207362815
-9.404941712679067        -0.0026603084638074656
-9.292875823176677        -0.0026613961643213377
-9.180809933674286        -0.0026624843090856235
-9.068744044171897        -0.0026635728982815844
-8.956678154669508        -0.0026647000120991545
-8.844612265167118        -0.0026658276024514875
-8.732546375664727        -0.002666955669539895
-8.620480486162338        -0.0026680842135657665
-8.508414596659948        -0.002669252175337496
-8.396348707157557        -0.002670420648027276
-8.284282817655168        -0.002671589631858444
-8.172216928152778        -0.002672759127054451
-8.060151038650389        -0.002673986214396515
-7.948085149147999        -0.0026752138647997653
-7.836019259645608        -0.002676442078522432
-7.723953370143219        -0.0026776708558228636
-7.61188748064083         -0.0026789708490943796
-7.499821591138439        -0.002680271473254906
-7.38775570163605         -0.002681572728610497
-7.27568981213366         -0.0026828746154673572
-7.16362392263127         -0.0026842511802323455
-7.05155803312888         -0.0026856284511059935
-6.939492143626491        -0.0026870064284504006
-6.8274262541241          -0.0026883851126278478
-6.71536036462171         -0.0026898605406771056
-6.603294475119321        -0.0026913367783209844
-6.4912285856169305       -0.0026928138260036527
-6.379162696114541        -0.0026942916841695237
-6.267096806612151        -0.0026958842793071347
-6.155030917109762        -0.0026974778157349243
-6.042965027607372        -0.002699072294009173
-5.930899138104982        -0.0027006677146865
-5.818833248602592        -0.002702390724208859
-5.706767359100202        -0.002704114832952832
-5.594701469597813        -0.0027058400416196554
-5.4826355800954225       -0.0027075663509110127
-5.370569690593033        -0.0027094526160450316
-5.258503801090643        -0.002711340195259408
-5.146437911588253        -0.0027132290894695855
-5.034372022085863        -0.0027151192995916625
-4.922306132583473        -0.0027171980411316455
-4.8102402430810836       -0.002719278374191496
-4.698174353578693        -0.002721360299989703
-4.586108464076304        -0.0027234438197457113
-4.474042574573914        -0.002725739161860931
-4.361976685071524        -0.002728036438488662
-4.249910795569135        -0.0027303356512592756
-4.137844906066745        -0.0027326368018045382
-4.025779016564355        -0.0027351887033135727
-3.9137131270619654       -0.00273774298784214
-3.801647237559575        -0.0027402996576154654
-3.6895813480571853       -0.002742858714860835
-3.5775154585547955       -0.0027457114570469342
-3.4654495690524056       -0.0027485671659937404
-3.353383679550016        -0.0027514258447863065
-3.241317790047626        -0.0027542874965128875
-3.1292519005452366       -0.002757472575569524
-3.0171860110428463       -0.002760661337314002
-2.905120121540456        -0.0027638537860037006
-2.7930542320380667       -0.0027670499259009186
-2.680988342535677        -0.0027706077566119164
-2.568922453033287        -0.002774170160888484
-2.456856563530897        -0.002777737144608528
-2.3447906740285074       -0.0027813087136575117
-2.2327247845261176       -0.002785255921631722
-2.120658895023728        -0.002789208729718634
-2.008593005521338        -0.002793167145860884
-1.8965271160189483       -0.002797131178012369
-1.7844612265165583       -0.002801557453489063
-1.6723953370141684       -0.002805990730519946
-1.5603294475117788       -0.002810431020175682
-1.448263558009389        -0.0028148783335444237
-1.3361976685070418       -0.0028197317081242257
-1.2241317790046944       -0.0028245934468478597
-1.1120658895023472       -0.0028294635641226517
-1                        -0.0028343420743807313
-1                        -0.0028299983355475284
-1                        -0.002825661249948688
-1                        -0.0028213308073995174
-1                        -0.002817006997730922
-1                        -0.002813433953913794
-1                        -0.0028098654390638672
-1                        -0.002806301447444538
-1                        -0.002802741973326468
-1                        -0.002799514380464307
-1                        -0.002796290501553812
-1                        -0.002793070332324886
-1                        -0.002789853868512361
-1                        -0.002786735075753067
-1                        -0.002783619766375745
-1                        -0.0027805079364935244
-1                        -0.0027773995822238514
-1                        -0.0027742280018624196
-1                        -0.0027710600395151053
-1                        -0.0027678956910590956
-1                        -0.002764734952376289
-1                        -0.0027613759903806438
-1                        -0.0027580211046507367
-1                        -0.0027546702902458524
-1                        -0.002751323542231251
-1                        -0.0027475918604915233
-1                        -0.0027438652337054737
-1                        -0.0027401436550349473
-1                        -0.002736427117651055
-1                        -0.0027320022120481775
-1                        -0.0027275844512624856
-1                        -0.002723173823775533
-1                        -0.0027187703180874094
-1                        -0.0027124913406433213
-1                        -0.002706226837497949
-1                        -0.002699976775352851
-1                        -0.0026937411209860167
-0.9166666666666667       -0.0026941053252358942
-0.8333333333333334       -0.002694469567931354
-0.75                     -0.002694833849076053
-0.6666666666666667       -0.002695198168673649
-0.5833333333333334       -0.0026956004278730706
-0.5000000000000001       -0.002696002738146219
-0.4166666666666668       -0.0026964050994990833
-0.3333333333333335       -0.0026968075119376315
-0.2500000000000001       -0.0026970553373554737
-0.16666666666666674      -0.002697303169062331
-0.08333333333333337      -0.002697551007058323
0                         -0.0026977988513435767
