-30                       3.361968653045777E-5
-29.937210687147704       3.377448351265263E-5
-29.874421374295416       3.392999323515445E-5
-29.81163206144312        3.408621897967281E-5
-29.74884274859083        3.42431640430275E-5
-29.68605343573854        3.440083173721799E-5
-29.623264122886248       3.4559225389493425E-5
-29.560474810033956       3.47183483424228E-5
-29.497685497181667       3.485972231638473E-5
-29.434896184329375       3.500167196866863E-5
-29.37210687147708        3.51441996434508E-5
-29.30931755862479        3.5287307694453205E-5
-29.246528245772495       3.543099848498217E-5
-29.183738932920207       3.557527438796749E-5
-29.120949620067915       3.572013778600156E-5
-29.058165593742014       3.5836525268935065E-5
-28.995381567416107       3.595329197902236E-5
-28.9325975410902         3.607043915190512E-5
-28.869813514764303       3.6187968027251224E-5
-28.807029488438396       3.630587984876781E-5
-28.744245462112488       3.642417586421435E-5
-28.681461435786584       3.654285732541593E-5
-28.620626217143293       3.663257845276542E-5
-28.5597909985            3.672251986613744E-5
-28.498955779856708       3.6812682106384924E-5
-28.438120561213413       3.6903065715688685E-5
-28.37728534257012        3.6993671237560695E-5
-28.316450123926824       3.708449921684741E-5
-28.25561490528353        3.7175550199733E-5
-28.199405445145054       3.724241360214554E-5
-28.14319598500657        3.73093972640985E-5
-28.086986524868088       3.737650140188896E-5
-28.03077706472961        3.7443726232202956E-5
-27.97456760459113        3.7511071972116364E-5
-27.91835814445265        3.757853883909537E-5
-27.86214868431417        3.76461270509974E-5
-27.811160071467636       3.7692776460001056E-5
-27.76017145862109        3.7739483674880955E-5
-27.709182845774553       3.778624876726755E-5
-27.658194232928018       3.7833071808880045E-5
-27.607205620081483       3.7879952871526604E-5
-27.556217007234938       3.792689202710426E-5
-27.505228394388404       3.7973889347599244E-5
-27.458975703462144       3.800215636547844E-5
-27.41272301253588        3.803044442477092E-5
-27.36647032160962        3.805875354113952E-5
-27.320217630683352       3.8087083730258664E-5
-27.273964939757093       3.811543500781453E-5
-27.227712248830834       3.8143807389504955E-5
-27.18145955790457        3.817220089103939E-5
-27.1395029078722         3.8188684829323533E-5
-27.097546257839824       3.8205175885882625E-5
-27.05558960780745        3.822167406379055E-5
-27.013632957775076       3.8238179366122536E-5
-26.9716763077427         3.8254691795955126E-5
-26.92971965771033        3.8271211356366206E-5
-26.887763007677954       3.828773805043497E-5
-26.84970337429354        3.8292941041819744E-5
-26.811643740909123       3.8298144740248634E-5
-26.77358410752471        3.830334914581772E-5
-26.73552447414029        3.830855425862306E-5
-26.697464840755877       3.831376007876079E-5
-26.65940520737146        3.831896660632705E-5
-26.621345573987046       3.8324173841417926E-5
-26.586820994871015       3.831942696225279E-5
-26.552296415754984       3.831468067104195E-5
-26.51777183663895        3.830993496771256E-5
-26.483247257522923       3.8305189852191795E-5
-26.448722678406888       3.830044532440684E-5
-26.414198099290857       3.829570138428492E-5
-26.379673520174826       3.829095803175326E-5
-26.348355652343262       3.8277921745903934E-5
-26.317037784511694       3.826488989830212E-5
-26.28571991668013        3.825186248743677E-5
-26.25440204884857        3.823883951179741E-5
-26.223084181017          3.822582096987404E-5
-26.191766313185436       3.8212806860157185E-5
-26.16044844535387        3.819979718113789E-5
-26.13203944242785        3.8178676017167706E-5
-26.103630439501828       3.8157566531363435E-5
-26.0752214365758         3.813646871726799E-5
-26.04681243364978        3.811538256842796E-5
-26.018403430723758       3.8094308078393456E-5
-25.989994427797733       3.8073245240718215E-5
-25.961585424871714       3.8052194048959465E-5
-25.93581510407889        3.802409611722297E-5
-25.910044783286075       3.799601893314081E-5
-25.884274462493252       3.796796248139278E-5
-25.858504141700433       3.7939926746670016E-5
-25.832733820907617       3.7911911713675E-5
-25.806963500114797       3.788391736712143E-5
-25.781193179321974       3.785594369173434E-5
-25.757816461210783       3.782037485601403E-5
-25.734439743099585       3.778483944019961E-5
-25.71106302498839        3.774933741289023E-5
-25.687686306877197       3.7713868742714616E-5
-25.66430958876601        3.7678433398330916E-5
-25.640932870654815       3.764303134842679E-5
-25.61755615254362        3.760766256171923E-5
-25.59635070751492        3.7564457741581945E-5
-25.575145262486213       3.7521302556448715E-5
-25.553939817457508       3.747819694929731E-5
-25.53273437242881        3.743514086317106E-5
-25.511528927400104       3.7392134241178744E-5
-25.4903234823714         3.734917702649442E-5
-25.469118037342696       3.730626916235751E-5
-25.449882196829137       3.725384691192917E-5
-25.43064635631557        3.720149832451787E-5
-25.411410515802007       3.7149223296613336E-5
-25.392174675288448       3.7097021724850753E-5
-25.37293883477488        3.70448935060106E-5
-25.35370299426132        3.699283853701835E-5
-25.334467153747756       3.694085671494438E-5
-25.317017987299007       3.687693755248051E-5
-25.299568820850258       3.681312899003228E-5
-25.282119654401505       3.67494308362273E-5
-25.264670487952753       3.668584290002429E-5
-25.247221321504004       3.66223649907125E-5
-25.22977215505525        3.655899691791129E-5
-25.212322988606502       3.649573849156932E-5
-25.196494544380027       3.641240297801729E-5
-25.18066610015355        3.6329257755389844E-5
-25.164837655927077       3.6246302389170634E-5
-25.1490092117006         3.616353644583562E-5
-25.133180767474123       3.6080959492850644E-5
-25.117352323247655       3.599857109866919E-5
-25.101523879021176       3.591637083273023E-5
-25.087020467732437       3.57861926535968E-5
-25.072517056443697       3.565648630271134E-5
-25.058013645154958       3.55272500699416E-5
-25.043510233866215       3.5398482251353755E-5
-25.029006822577482       3.527018114918983E-5
-25.01450341128874        3.514234507184531E-5
-25                       3.501497233384688E-5
