-25                       0.024228927085656517
-24.97388749941339        0.023739713114254418
-24.947774998826777       0.023260377017715196
-24.921662498240163       0.022790719348726465
-24.89554999765355        0.022330544687079908
-24.86678907505082        0.02203808159116186
-24.838028152448093       0.021749448883784377
-24.809267229845364       0.021464596398356937
-24.780506307242636       0.02118347462532079
-24.748749544432627       0.020964569190309895
-24.716992781622615       0.020747925876614077
-24.685236018812603       0.02053352130796201
-24.653479256002598       0.02032133234964768
-24.61841459346601        0.02014254984811727
-24.58334993092943        0.01996534023473728
-24.548285268392842       0.019789689671592253
-24.513220605856255       0.019615584442509708
-24.474503480663607       0.01946253357124067
-24.435786355470963       0.0193106768815299
-24.39706923027832        0.01916000505575915
-24.358352105085668       0.019010508849011003
-24.315602063382606       0.01887743921340666
-24.272852021679537       0.018745301037768024
-24.23010197997647        0.018614087802067678
-24.18735193827341        0.018483793031917085
-24.14014889675086        0.01836548795350608
-24.092945855228308       0.01824794008394034
-24.04574281370576        0.018131144576722633
-23.99853977218321        0.018015096616375615
-23.946419890128745       0.017908438485045915
-23.894300008074282       0.017802411821713375
-23.842180126019816       0.017697012887780392
-23.790060243965353       0.017592237966783716
-23.732511339041764       0.01749627781763236
-23.67496243411817        0.01740084110104499
-23.617413529194582       0.017305924961860914
-23.55986462427099        0.017211526560493334
-23.496321209800872       0.017124102407868363
-23.432777795330747       0.017037122317101357
-23.36923438086063        0.016950584032626417
-23.30569096639051        0.01686448531033457
-23.235528639254028       0.01678420714723273
-23.165366312117545       0.016704311123481818
-23.09520398498106        0.016624795420025807
-23.02504165784458        0.016545658226467586
-22.947570967626437       0.016472477867705632
-22.8701002774083         0.016399621180860215
-22.792629587190167       0.016327086734351723
-22.715158896972028       0.01625487310293234
-22.629925746924947       0.016187672362713245
-22.54469259687787        0.016120749443148726
-22.459459446830788       0.016054103195675327
-22.37422629678371        0.015987732476477994
-22.281477925126094       0.015926594747123546
-22.188729553468477       0.01586569081089494
-22.095981181810863       0.015805019773757877
-22.003232810153246       0.015744580745096923
-21.90312073782708        0.015689535720820155
-21.80300866550092        0.01563468314083563
-21.702896593174753       0.015580022332333993
-21.602784520848587       0.015525552624858108
-21.495036382774074       0.0154754984937918
-21.387288244699562       0.015425605736436133
-21.279540106625056       0.0153758738325249
-21.171791968550544       0.015326302263469127
-21.059743114518024       0.015281348929255725
-20.947694260485505       0.015236527446954258
-20.835645406452983       0.015191837429832019
-20.723596552420464       0.015147278492290587
-20.611530662918074       0.015108767635778167
-20.499464773415685       0.015070354690324186
-20.387398883913296       0.015032039406996838
-20.275332994410903       0.014993821537497265
-20.16326710490851        0.014960127796619713
-20.05120121540612        0.014926509771474243
-19.93913532590373        0.014892967291914309
-19.82706943640134        0.014859500188175832
-19.715003546898952       0.014830003920985843
-19.602937657396563       0.01480056620420247
-19.490871767894173       0.01477118692160254
-19.378805878391784       0.01474186595719355
-19.26673998888939        0.014715211447070307
-19.154674099387          0.014688605130500812
-19.042608209884612       0.014662046920347208
-18.93054232038222        0.014635536729629108
-18.81847643087983        0.01461186537640536
-18.70641054137744        0.014588232308963263
-18.594344651875048       0.014564637465379771
-18.48227876237266        0.014541080783832127
-18.37021287287027        0.014519557817010432
-18.25814698336788        0.014498066707387479
-18.14608109386549        0.014476607407809884
-18.0340152043631         0.014455179871194074
-17.92194931486071        0.014435588561693339
-17.80988342535832        0.014416023804571156
-17.69781753585593        0.014396485563840707
-17.58575164635354        0.014376973803563958
-17.47368575685115        0.014358806014464211
-17.361619867348757       0.014340661183503304
-17.249553977846368       0.01432253928166967
-17.13748808834398        0.014304440279988404
-17.025422198841586       0.014287797131859311
-16.913356309339196       0.014271173347953787
-16.801290419836807       0.014254568905741657
-16.689224530334418       0.014237983782718946
-16.577158640832028       0.01422228767664972
-16.46509275132964        0.014206608874136254
-16.35302686182725        0.014190947356102875
-16.240960972324856       0.014175303103494965
-16.128895082822467       0.014160747362337913
-16.016829193320078       0.014146206567570303
-15.904763303817688       0.014131680703844612
-15.792697414315299       0.014117169755829079
-15.68063152481291        0.01410337963065998
-15.568565635310517       0.014089602976147897
-15.456499745808125       0.014075839779134298
-15.344433856305736       0.014062090026473411
-15.232367966803345       0.014049115835498241
-15.120302077300954       0.014036153614979186
-15.008236187798563       0.014023203353871833
-14.896170298296173       0.014010265041142056
-14.784104408793782       0.013997733421819957
-14.672038519291393       0.013985213011528016
-14.559972629789005       0.01397270380024013
-14.447906740286616       0.013960205777939287
-14.335840850784225       0.013948399194328557
-14.223774961281835       0.013936602595915693
-14.111709071779446       0.013924815974255881
-13.999643182277055       0.013913039320911423
-13.887577292774665       0.013901436564565578
-13.775511403272274       0.013889843484319373
-13.663445513769883       0.013878260072103441
-13.551379624267492       0.013866686319855125
-13.4393137347651         0.013855621799087477
-13.327247845262711       0.013844566106933716
-13.215181955760324       0.013833519236349335
-13.10311606625793        0.013822481180295451
-12.991050176755541       0.013811476905139555
-12.878984287253152       0.013800481390644688
-12.76691839775076        0.013789494629836325
-12.654852508248371       0.013778516615745506
-12.542786618745982       0.013767808226968548
-12.430720729243593       0.013757108160538111
-12.318654839741201       0.013746416409986261
-12.206588950238812       0.01373573296885009
-12.094523060736423       0.013725008629466628
-11.982457171234032       0.013714292663240639
-11.870391281731642       0.013703585063634687
-11.758325392229253       0.013692885824116425
-11.646259502726863       0.013682330756803732
-11.534193613224472       0.013671783825792459
-11.422127723722083       0.013661245024810763
-11.310061834219693       0.01365071434759164
-11.197995944717302       0.01364022824901644
-11.085930055214913       0.013629750205570081
-10.973864165712524       0.01361928021106491
-10.861798276210134       0.013608818259317909
-10.749732386707745       0.013598360439307603
-10.637666497205354       0.013587910655704109
-10.525600607702964       0.013577468902331746
-10.413534718200575       0.013567035173019578
-10.301468828698185       0.013556404985277638
-10.189402939195796       0.013545783126613486
-10.077337049693407       0.01353516959050108
-9.965271160191016        0.013524564370419373
-9.853205270688626        0.013513729293598356
-9.741139381186237        0.01350290289719667
-9.629073491683847        0.013492085174260057
-9.517007602181456        0.013481276117839862
-9.404941712679067        0.013470172731661373
-9.292875823176677        0.013459078490402367
-9.180809933674286        0.013447993386530955
-9.068744044171897        0.013436917412521458
-8.956678154669508        0.013425427609964685
-8.844612265167118        0.013413947632247817
-8.732546375664727        0.013402477470969763
-8.620480486162338        0.013391017117736546
-8.508414596659948        0.01337913687728716
-8.396348707157557        0.013367267176747608
-8.284282817655168        0.01335540800676714
-8.172216928152778        0.013343559358003186
-8.060151038650389        0.01333110235186195
-7.948085149147999        0.013318656975076703
-7.836019259645608        0.013306223216790754
-7.723953370143219        0.013293801066157544
-7.61188748064083         0.013280632368720473
-7.499821591138439        0.013267476716054542
-7.38775570163605         0.013254334095237722
-7.27568981213366         0.0132412044933608
-7.16362392263127         0.013227297816570173
-7.05155803312888         0.013213405745373734
-6.939492143626491        0.01319952826443185
-6.8274262541241          0.013185665358421006
-6.71536036462171         0.013170802422351434
-6.603294475119321        0.013155956239844382
-6.4912285856169305       0.013141126792015142
-6.379162696114541        0.013126314060000284
-6.267096806612151        0.01311032414377477
-6.155030917109762        0.013094353705783544
-6.042965027607372        0.013078402722299069
-5.930899138104982        0.0130624711696227
-5.818833248602592        0.013045240636197738
-5.706767359100202        0.013028032831342145
-5.594701469597813        0.01301084772507496
-5.4826355800954225       0.012993685287454784
-5.370569690593033        0.012974906894083878
-5.258503801090643        0.012956155639130554
-5.146437911588253        0.012937431483374565
-5.034372022085863        0.012918734387652345
-4.922306132583473        0.012898150016721968
-4.8102402430810836       0.012877598444385775
-4.698174353578693        0.01285707961838339
-4.586108464076304        0.012836593486537599
-4.474042574573914        0.012814008159624437
-4.361976685071524        0.012791462570433898
-4.249910795569135        0.012768956649049564
-4.137844906066745        0.01274649032567793
-4.025779016564355        0.012721566620802526
-3.9137131270619654       0.012696691650209934
-3.801647237559575        0.012671865318608153
-3.6895813480571853       0.012647087530891516
-3.5775154585547955       0.012619468607179146
-3.4654495690524056       0.012591909998139634
-3.353383679550016        0.012564411572056781
-3.241317790047626        0.012536973197502042
-3.1292519005452366       0.01250645139581276
-3.0171860110428463       0.012476003900765448
-2.905120121540456        0.012445630531457341
-2.7930542320380667       0.012415331107426115
-2.680988342535677        0.012381640520412733
-2.568922453033287        0.012348041357111138
-2.456856563530897        0.012314533369431474
-2.3447906740285074       0.012281116309957008
-2.2327247845261176       0.012244249574034104
-2.120658895023728        0.012207493508524484
-2.008593005521338        0.012170847781206183
-1.8965271160189483       0.01213431206085446
-1.7844612265165583       0.012093619248374744
-1.6723953370141684       0.012053062900572955
-1.5603294475117788       0.012012642559810374
-1.448263558009389        0.011972357769982926
-1.3361976685070418       0.011928533823150615
-1.2241317790046944       0.01188487029069556
-1.1120658895023472       0.01184136658543258
-1                        0.011798022122325823
-1                        0.011836673831617468
-1                        0.011875452168458712
-1                        0.011914357547696288
-1                        0.011953390385536014
-1                        0.011985857403707896
-1                        0.012018412606673797
-1                        0.012051056233955493
-1                        0.01208378852572531
-1                        0.012113642378852523
-1                        0.012143569988032673
-1                        0.012173571535485359
-1                        0.012203647203880275
-1                        0.0122329732184178
-1                        0.012262369704930963
-1                        0.012291836832767687
-1                        0.012321374771682875
-1                        0.012351678235991228
-1                        0.01238205622931652
-1                        0.01241250893495711
-1                        0.01244303653666207
-1                        0.01247565643015175
-1                        0.012508361837932774
-1                        0.012541152984184078
-1                        0.012574030093672306
-1                        0.012610904407125508
-1                        0.012647886857348087
-1                        0.012684977761459505
-1                        0.012722177437509145
-1                        0.012766787362070228
-1                        0.01281155370996208
-1                        0.01285647702967833
-1                        0.012901557871635803
-1                        0.012966550153516795
-1                        0.013031869837463942
-1                        0.013097518572782536
-1                        0.013163498017086328
-0.9166666666666667       0.013161526564763274
-0.8333333333333334       0.01315955540769795
-0.75                     0.013157584545846122
-0.6666666666666667       0.013155613979163535
-0.5833333333333334       0.013153104327219892
-0.5000000000000001       0.013150595154034075
-0.4166666666666668       0.013148086459514714
-0.3333333333333335       0.013145578243570506
-0.2500000000000001       0.013145202745895495
-0.16666666666666674      0.01314482725894641
-0.08333333333333337      0.01314445178272292
0                         0.013144076317224763
