1.0000000000000001E-7     8.1305210594846
1.5000000000000002E-7     12.195783655424298
2.0000000000000002E-7     16.261051601927548
2.5000000000000004E-7     20.31642357432838
3.0000000000000004E-7     25.47793232051947
3.5000000000000004E-7     31.848983227065755
4.0000000000000003E-7     34.61384124486676
4.5000000000000003E-7     40.454266625719725
5.000000000000001E-7      43.0072454413321
5.5E-7                    37.31412717596944
6.000000000000001E-7      32.757224251181135
6.5E-7                    30.211487751080853
7.000000000000001E-7      28.70110478019687
