1.0000000000000001E-7     1.0418537429442379E-17
1.5000000000000002E-7     1.17201605675409E-17
2.0000000000000002E-7     1.2760518093257191E-17
2.5000000000000004E-7     1.3865524644342285E-17
3.0000000000000004E-7     1.4637049419289847E-17
3.5000000000000004E-7     1.6202202571410414E-17
4.0000000000000003E-7     1.6572900441947485E-17
4.5000000000000003E-7     1.707926246584105E-17
5.000000000000001E-7      1.765238441253746E-17
5.5E-7                    1.012880238576009E-17
6.000000000000001E-7      4.711990456973984E-18
6.5E-7                    2.7773532210920662E-18
7.000000000000001E-7      1.919170162664119E-18
