0                         3.3174481472463507E-7
0.06283185307179587       3.25810127585455E-7
0.12566370614359174       3.0847480605271745E-7
0.18849555921538758       2.810946136505585E-7
0.25132741228718347       2.4576812174868345E-7
0.3141592653589793        2.0511927462542987E-7
0.37699111843077515       1.6203850920388811E-7
0.43982297150257105       1.1942476939255258E-7
0.5026548245743669        7.999406593144223E-8
0.5654866776461628        4.634727303759583E-8
0.6283185307179586        2.2521930115165398E-8
0.6911503837897545        1.910044477080388E-8
0.7539822368615503        2.8125042189464484E-8
0.8168140899333463        3.4469530918026404E-8
0.8796459430051421        3.6059433063914454E-8
0.9424777960769378        3.3554363257832366E-8
1.0053096491487339        2.817087584914519E-8
1.0681415022205298        2.1263445291159594E-8
1.1309733552923256        1.4249570600433963E-8
1.1938052083641213        8.949272382595818E-9
1.2566370614359172        7.901251076725199E-9
1.3194689145077132        1.0135584279023375E-8
1.382300767579509         1.2397225446798321E-8
1.4451326206513047        1.357000780377876E-8
1.5079644737231006        1.3533774926227669E-8
1.5707963267948966        1.247352506903087E-8
1.6336281798666925        1.0679177393939954E-8
1.6964600329384882        8.461802424519383E-9
1.7592918860102842        6.108723388468258E-9
1.8221237390820801        3.862131359876621E-9
1.8849555921538756        1.9325760046549472E-9
1.9477874452256716        7.944704282611084E-10
2.0106192982974678        1.362993360557386E-9
2.0734511513692637        2.079593738917162E-9
2.1362830044410597        2.477965034575649E-9
2.199114857512855         2.5673958816344695E-9
2.261946710584651         2.4131936535861315E-9
2.324778563656447         2.1083580114418812E-9
2.3876104167282426        1.7888019747782838E-9
2.4504422698000385        1.6586397056657613E-9
2.5132741228718345        1.89086200796446E-9
2.57610597594363          2.4343514840550374E-9
2.6389378290154264        3.1362394382933278E-9
2.701769682087222         3.8904361342402726E-9
2.764601535159018         4.634439026830735E-9
2.827433388230814         5.326694253620235E-9
2.8902652413026093        5.935840823143742E-9
2.9530970943744057        6.436752208022237E-9
3.015928947446201         6.8094483994935E-9
3.078760800517997         7.0391608813472685E-9
3.141592653589793         7.116762688216833E-9
3.204424506661589         7.039160881347265E-9
3.267256359733385         6.809448399493474E-9
3.330088212805181         6.436752208022236E-9
3.3929200658769765        5.9358408231437524E-9
3.4557519189487724        5.326694253620276E-9
3.5185837720205684        4.634439026830749E-9
3.581415625092364         3.890436134240274E-9
3.6442474781641603        3.1362394382933104E-9
3.707079331235956         2.4343514840550544E-9
3.7699111843077513        1.8908620079644833E-9
3.8327430373795477        1.6586397056657602E-9
3.895574890451343         1.7888019747782867E-9
3.9584067435231396        2.108358011441878E-9
4.0212385965949355        2.4131936535861207E-9
4.084070449666731         2.567395881634476E-9
4.1469023027385274        2.4779650345756553E-9
4.209734155810323         2.0795937389171697E-9
4.272566008882119         1.362993360557378E-9
4.335397861953915         7.944704282610961E-10
4.39822971502571          1.93257600465494E-9
4.461061568097507         3.862131359876656E-9
4.523893421169302         6.1087233884682675E-9
4.586725274241098         8.461802424519347E-9
4.649557127312894         1.0679177393939968E-8
4.71238898038469          1.2473525069030898E-8
4.775220833456485         1.3533774926227639E-8
4.838052686528282         1.3570007803778747E-8
4.900884539600077         1.239722544679835E-8
4.9637163926718735        1.0135584279023286E-8
5.026548245743669         7.901251076725144E-9
5.0893800988154645        8.949272382595761E-9
5.15221195188726          1.4249570600433857E-8
5.215043804959057         2.1263445291159714E-8
5.277875658030853         2.8170875849145194E-8
5.340707511102648         3.355436325783232E-8
5.403539364174444         3.605943306391435E-8
5.466371217246239         3.446953091802662E-8
5.529203070318036         2.812504218946459E-8
5.592034923389832         1.910044477080407E-8
5.654866776461628         2.252193011516514E-8
5.717698629533423         4.6347273037595626E-8
5.780530482605219         7.999406593144186E-8
5.843362335677015         1.194247693925521E-7
5.906194188748811         1.6203850920388806E-7
5.969026041820607         2.051192746254296E-7
6.031857894892402         2.457681217486826E-7
6.094689747964199         2.810946136505595E-7
6.157521601035994         3.0847480605271734E-7
6.220353454107791         3.2581012758545526E-7
6.283185307179586         3.317448147246351E-7
0                         4.093526572611707E-7
0.06283185307179587       4.036584025386762E-7
0.12566370614359174       3.8693738753265036E-7
0.18849555921538758       3.6024225444885803E-7
0.25132741228718347       3.2522248373260166E-7
0.3141592653589793        2.839796553176101E-7
0.37699111843077515       2.388883415119445E-7
0.43982297150257105       1.9240239741604058E-7
0.5026548245743669        1.468676464618508E-7
0.5654866776461628        1.0436200969438907E-7
0.6283185307179586        6.658886565100226E-8
0.6911503837897545        3.490544904934943E-8
0.7539822368615503        1.158343827925629E-8
0.8168140899333463        1.352341514335693E-8
0.8796459430051421        2.49396579432989E-8
0.9424777960769378        3.17385382927986E-8
1.0053096491487339        3.400170764886012E-8
1.0681415022205298        3.265244731234303E-8
1.1309733552923256        2.8754604137324745E-8
1.1938052083641213        2.336976075735332E-8
1.2566370614359172        1.7510896134206366E-8
1.3194689145077132        1.2197669685216843E-8
1.382300767579509         8.663396989454938E-9
1.4451326206513047        8.00253358595643E-9
1.5079644737231006        9.282333591610204E-9
1.5707963267948966        1.0743011338616883E-8
1.6336281798666925        1.1629643975258582E-8
1.6964600329384882        1.180191132130675E-8
1.7592918860102842        1.1347242434387718E-8
1.8221237390820801        1.043457137455443E-8
1.8849555921538756        9.252038976102064E-9
1.9477874452256716        7.974281487358527E-9
2.0106192982974678        6.7428399052362524E-9
2.0734511513692637        5.653489993339337E-9
2.1362830044410597        4.748803658380937E-9
2.199114857512855         4.0189517705813734E-9
2.261946710584651         3.4157615947601974E-9
2.324778563656447         2.877823699857464E-9
2.3876104167282426        2.3541952749644438E-9
2.4504422698000385        1.8163205880599278E-9
2.5132741228718345        1.2596099763054485E-9
2.57610597594363          7.087209930696389E-10
2.6389378290154264        3.4099498465421514E-10
2.701769682087222         6.503518896145481E-10
2.764601535159018         1.1524994244829388E-9
2.827433388230814         1.6316962509166885E-9
2.8902652413026093        2.051027679887158E-9
2.9530970943744057        2.3926929543502686E-9
3.015928947446201         2.6448026894181947E-9
3.078760800517997         2.7992609307632436E-9
3.141592653589793         2.851277654269065E-9
3.204424506661589         2.7992609307632444E-9
3.267256359733385         2.644802689418184E-9
3.330088212805181         2.3926929543502624E-9
3.3929200658769765        2.051027679887165E-9
3.4557519189487724        1.631696250916703E-9
3.5185837720205684        1.152499424482951E-9
3.581415625092364         6.503518896145461E-10
3.6442474781641603        3.4099498465420547E-10
3.707079331235956         7.087209930696344E-10
3.7699111843077513        1.2596099763054403E-9
3.8327430373795477        1.8163205880599169E-9
3.895574890451343         2.3541952749644202E-9
3.9584067435231396        2.8778236998574807E-9
4.0212385965949355        3.415761594760184E-9
4.084070449666731         4.018951770581378E-9
4.1469023027385274        4.74880365838095E-9
4.209734155810323         5.653489993339329E-9
4.272566008882119         6.742839905236266E-9
4.335397861953915         7.974281487358556E-9
4.39822971502571          9.25203897610209E-9
4.461061568097507         1.0434571374554403E-8
4.523893421169302         1.1347242434387644E-8
4.586725274241098         1.1801911321306707E-8
4.649557127312894         1.1629643975258564E-8
4.71238898038469          1.0743011338616893E-8
4.775220833456485         9.282333591610255E-9
4.838052686528282         8.002533585956388E-9
4.900884539600077         8.663396989454907E-9
4.9637163926718735        1.2197669685216853E-8
5.026548245743669         1.7510896134206342E-8
5.0893800988154645        2.3369760757353244E-8
5.15221195188726          2.875460413732471E-8
5.215043804959057         3.265244731234316E-8
5.277875658030853         3.4001707648860184E-8
5.340707511102648         3.173853829279885E-8
5.403539364174444         2.4939657943299102E-8
5.466371217246239         1.3523415143357072E-8
5.529203070318036         1.1583438279255901E-8
5.592034923389832         3.490544904934936E-8
5.654866776461628         6.658886565100227E-8
5.717698629533423         1.0436200969438928E-7
5.780530482605219         1.4686764646185E-7
5.843362335677015         1.924023974160404E-7
5.906194188748811         2.3888834151194423E-7
5.969026041820607         2.8397965531761E-7
6.031857894892402         3.2522248373260055E-7
6.094689747964199         3.6024225444885845E-7
6.157521601035994         3.8693738753265105E-7
6.220353454107791         4.036584025386734E-7
6.283185307179586         4.093526572611705E-7
0                         4.835801557237088E-7
0.06283185307179587       4.777065626469448E-7
0.12566370614359174       4.60420245728317E-7
0.18849555921538758       4.326971503765428E-7
0.25132741228718347       3.960752678795388E-7
0.3141592653589793        3.525314954856648E-7
0.37699111843077515       3.0432744088546067E-7
0.43982297150257105       2.538395970099661E-7
0.5026548245743669        2.033902308834572E-7
0.5654866776461628        1.5509439087438328E-7
0.6283185307179586        1.1073599261186884E-7
0.6911503837897545        7.168304921765545E-8
0.7539822368615503        3.8854103131976853E-8
0.8168140899333463        1.2844903629972219E-8
0.8796459430051421        7.859736983950188E-9
0.9424777960769378        2.0891529812849578E-8
1.0053096491487339        2.8734776244581753E-8
1.0681415022205298        3.196746209167087E-8
1.1309733552923256        3.1550001222310406E-8
1.1938052083641213        2.8488947175054136E-8
1.2566370614359172        2.375080582906111E-8
1.3194689145077132        1.821288531220775E-8
1.382300767579509         1.2655688761775631E-8
1.4451326206513047        7.8589514593394E-9
1.5079644737231006        5.0162481055849594E-9
1.5707963267948966        5.29441239593337E-9
1.6336281798666925        6.9002833639382166E-9
1.6964600329384882        8.190537971651636E-9
1.7592918860102842        8.80976095274605E-9
1.8221237390820801        8.794705422615857E-9
1.8849555921538756        8.300656500267618E-9
1.9477874452256716        7.526050749693132E-9
2.0106192982974678        6.6809623033680586E-9
2.0734511513692637        5.961133062736694E-9
2.1362830044410597        5.506498007549011E-9
2.199114857512855         5.349339072180672E-9
2.261946710584651         5.40772155413159E-9
2.324778563656447         5.550196650470831E-9
2.3876104167282426        5.665026093711445E-9
2.4504422698000385        5.685273313070351E-9
2.5132741228718345        5.5841797503032E-9
2.57610597594363          5.363289679837414E-9
2.6389378290154264        5.042068932496943E-9
2.701769682087222         4.6502918871951646E-9
2.764601535159018         4.222579162839167E-9
2.827433388230814         3.794353362761333E-9
2.8902652413026093        3.3986917624795127E-9
2.9530970943744057        3.063802452713934E-9
3.015928947446201         2.811174089167413E-9
3.078760800517997         2.6548180520387243E-9
3.141592653589793         2.601990244651589E-9
3.204424506661589         2.6548180520387206E-9
3.267256359733385         2.8111740891674094E-9
3.330088212805181         3.0638024527139337E-9
3.3929200658769765        3.398691762479488E-9
3.4557519189487724        3.794353362761329E-9
3.5185837720205684        4.222579162839181E-9
3.581415625092364         4.650291887195149E-9
3.6442474781641603        5.042068932496926E-9
3.707079331235956         5.363289679837399E-9
3.7699111843077513        5.584179750303188E-9
3.8327430373795477        5.6852733130703474E-9
3.895574890451343         5.665026093711471E-9
3.9584067435231396        5.550196650470829E-9
4.0212385965949355        5.407721554131587E-9
4.084070449666731         5.349339072180662E-9
4.1469023027385274        5.506498007549011E-9
4.209734155810323         5.961133062736721E-9
4.272566008882119         6.680962303368092E-9
4.335397861953915         7.526050749693107E-9
4.39822971502571          8.30065650026767E-9
4.461061568097507         8.794705422615931E-9
4.523893421169302         8.809760952746074E-9
4.586725274241098         8.1905379716516E-9
4.649557127312894         6.900283363938263E-9
4.71238898038469          5.2944123959334156E-9
4.775220833456485         5.016248105584882E-9
4.838052686528282         7.858951459339345E-9
4.900884539600077         1.265568876177555E-8
4.9637163926718735        1.8212885312207744E-8
5.026548245743669         2.375080582906105E-8
5.0893800988154645        2.8488947175054044E-8
5.15221195188726          3.1550001222310366E-8
5.215043804959057         3.196746209167078E-8
5.277875658030853         2.873477624458166E-8
5.340707511102648         2.0891529812849846E-8
5.403539364174444         7.859736983950163E-9
5.466371217246239         1.2844903629971969E-8
5.529203070318036         3.8854103131976814E-8
5.592034923389832         7.168304921765543E-8
5.654866776461628         1.1073599261186896E-7
5.717698629533423         1.5509439087438302E-7
5.780530482605219         2.033902308834563E-7
5.843362335677015         2.5383959700996685E-7
5.906194188748811         3.043274408854607E-7
5.969026041820607         3.525314954856645E-7
6.031857894892402         3.9607526787953886E-7
6.094689747964199         4.326971503765431E-7
6.157521601035994         4.604202457283181E-7
6.220353454107791         4.777065626469443E-7
6.283185307179586         4.835801557237087E-7
0                         5.597085427005177E-7
0.06283185307179587       5.534685360717133E-7
0.12566370614359174       5.350805752225227E-7
0.18849555921538758       5.055153046545193E-7
0.25132741228718347       4.6630786123588864E-7
0.3141592653589793        4.194424380057826E-7
0.37699111843077515       3.672065858043389E-7
0.43982297150257105       3.120289129489234E-7
0.5026548245743669        2.5631487744070664E-7
0.5654866776461628        2.0229479875271764E-7
0.6283185307179586        1.518961936077801E-7
0.6911503837897545        1.0664938204859112E-7
0.7539822368615503        6.763145840380567E-8
0.8168140899333463        3.544969283630783E-8
0.8796459430051421        1.0262244472017267E-8
0.9424777960769378        8.179630688349451E-9
1.0053096491487339        2.043245515080005E-8
1.0681415022205298        2.7309987565582937E-8
1.1309733552923256        2.976579923818155E-8
1.1938052083641213        2.881483675972193E-8
1.2566370614359172        2.545610279844179E-8
1.3194689145077132        2.0611949979938782E-8
1.382300767579509         1.508750185456242E-8
1.4451326206513047        9.559438747549452E-9
1.5079644737231006        4.665367881483403E-9
1.5707963267948966        2.2599964573865444E-9
1.6336281798666925        4.448508601292823E-9
1.6964600329384882        6.722204641113161E-9
1.7592918860102842        8.16872227793099E-9
1.8221237390820801        8.7915078779738E-9
1.8849555921538756        8.724473001960858E-9
1.9477874452256716        8.155447717839524E-9
2.0106192982974678        7.309091421027373E-9
2.0734511513692637        6.444941297963159E-9
2.1362830044410597        5.843782006655157E-9
2.199114857512855         5.724695466629702E-9
2.261946710584651         6.1064715624264225E-9
2.324778563656447         6.813682415634329E-9
2.3876104167282426        7.636691882521335E-9
2.4504422698000385        8.427672522498751E-9
2.5132741228718345        9.105011576851034E-9
2.57610597594363          9.633492648806082E-9
2.6389378290154264        1.0007537866146213E-8
2.701769682087222         1.0240018319932815E-8
2.764601535159018         1.0354738236183598E-8
2.827433388230814         1.0381080765349128E-8
2.8902652413026093        1.0349979536458371E-8
2.9530970943744057        1.0290786651803747E-8
3.015928947446201         1.022882205967859E-8
3.078760800517997         1.018350295486557E-8
3.141592653589793         1.0167013128867044E-8
3.204424506661589         1.0183502954865552E-8
3.267256359733385         1.022882205967864E-8
3.330088212805181         1.0290786651803768E-8
3.3929200658769765        1.034997953645837E-8
3.4557519189487724        1.038108076534913E-8
3.5185837720205684        1.035473823618363E-8
3.581415625092364         1.0240018319932881E-8
3.6442474781641603        1.0007537866146215E-8
3.707079331235956         9.633492648806086E-9
3.7699111843077513        9.105011576851028E-9
3.8327430373795477        8.427672522498754E-9
3.895574890451343         7.63669188252134E-9
3.9584067435231396        6.813682415634291E-9
4.0212385965949355        6.106471562426409E-9
4.084070449666731         5.72469546662972E-9
4.1469023027385274        5.8437820066551015E-9
4.209734155810323         6.444941297963196E-9
4.272566008882119         7.309091421027378E-9
4.335397861953915         8.155447717839533E-9
4.39822971502571          8.724473001960863E-9
4.461061568097507         8.791507877973736E-9
4.523893421169302         8.168722277930864E-9
4.586725274241098         6.722204641113157E-9
4.649557127312894         4.448508601292704E-9
4.71238898038469          2.259996457386532E-9
4.775220833456485         4.66536788148338E-9
4.838052686528282         9.559438747549441E-9
4.900884539600077         1.5087501854562447E-8
4.9637163926718735        2.0611949979938842E-8
5.026548245743669         2.5456102798441677E-8
5.0893800988154645        2.8814836759721844E-8
5.15221195188726          2.9765799238181412E-8
5.215043804959057         2.7309987565582825E-8
5.277875658030853         2.0432455150800138E-8
5.340707511102648         8.179630688349415E-9
5.403539364174444         1.0262244472017317E-8
5.466371217246239         3.544969283630775E-8
5.529203070318036         6.763145840380596E-8
5.592034923389832         1.0664938204859105E-7
5.654866776461628         1.5189619360778008E-7
5.717698629533423         2.0229479875271629E-7
5.780530482605219         2.5631487744070685E-7
5.843362335677015         3.120289129489236E-7
5.906194188748811         3.6720658580433906E-7
5.969026041820607         4.194424380057812E-7
6.031857894892402         4.6630786123588737E-7
6.094689747964199         5.055153046545199E-7
6.157521601035994         5.350805752225215E-7
6.220353454107791         5.534685360717123E-7
6.283185307179586         5.597085427005178E-7
0                         6.361118989219423E-7
0.06283185307179587       6.294384675175822E-7
0.12566370614359174       6.097581931069743E-7
0.18849555921538758       5.780658180462823E-7
0.25132741228718347       5.359372921282084E-7
0.3141592653589793        4.854150829542673E-7
0.37699111843077515       4.2886310755022057E-7
0.43982297150257105       3.6880461669677373E-7
0.5026548245743669        3.077574070199412E-7
0.5654866776461628        2.480802305652786E-7
0.6283185307179586        1.918423694994071E-7
0.6911503837897545        1.4072540804741678E-7
0.7539822368615503        9.596292830232664E-8
0.8168140899333463        5.832201305808596E-8
0.8796459430051421        2.8143372760800052E-8
0.9424777960769378        5.9460625732835246E-9
1.0053096491487339        1.1731354516548984E-8
1.0681415022205298        2.1655797477717173E-8
1.1309733552923256        2.6624158633318215E-8
1.1938052083641213        2.7527724678277043E-8
1.2566370614359172        2.538981824614864E-8
1.3194689145077132        2.1201041189416686E-8
1.382300767579509         1.585671338354324E-8
1.4451326206513047        1.0120093174013273E-8
1.5079644737231006        4.613907697706078E-9
1.5707963267948966        8.403444428714155E-10
1.6336281798666925        4.373156661444213E-9
1.6964600329384882        7.233672499820835E-9
1.7592918860102842        9.0200193372028E-9
1.8221237390820801        9.800361374719583E-9
1.8849555921538756        9.734235563626475E-9
1.9477874452256716        9.051690759837722E-9
2.0106192982974678        8.054936248013301E-9
2.0734511513692637        7.135561753383499E-9
2.1362830044410597        6.745142110277891E-9
2.199114857512855         7.172936622093973E-9
2.261946710584651         8.310363855598068E-9
2.324778563656447         9.83286230429971E-9
2.3876104167282426        1.1469376423884136E-8
2.4504422698000385        1.3057069548745967E-8
2.5132741228718345        1.4509231664942232E-8
2.57610597594363          1.5784761553799245E-8
2.6389378290154264        1.6869683789020494E-8
2.701769682087222         1.7766363264725012E-8
2.764601535159018         1.8486907361439357E-8
2.827433388230814         1.9048841152139902E-8
2.8902652413026093        1.947202583241158E-8
2.9530970943744057        1.977625854747735E-8
3.015928947446201         1.997927737640694E-8
3.078760800517997         2.0095089456162772E-8
3.141592653589793         2.01326642982778E-8
3.204424506661589         2.009508945616281E-8
3.267256359733385         1.9979277376406968E-8
3.330088212805181         1.9776258547477265E-8
3.3929200658769765        1.947202583241159E-8
3.4557519189487724        1.9048841152139872E-8
3.5185837720205684        1.8486907361439334E-8
3.581415625092364         1.7766363264724995E-8
3.6442474781641603        1.6869683789020468E-8
3.707079331235956         1.578476155379924E-8
3.7699111843077513        1.4509231664942285E-8
3.8327430373795477        1.3057069548745935E-8
3.895574890451343         1.1469376423884135E-8
3.9584067435231396        9.832862304299718E-9
4.0212385965949355        8.310363855598063E-9
4.084070449666731         7.172936622093957E-9
4.1469023027385274        6.745142110277902E-9
4.209734155810323         7.1355617533834634E-9
4.272566008882119         8.054936248013268E-9
4.335397861953915         9.051690759837754E-9
4.39822971502571          9.734235563626511E-9
4.461061568097507         9.800361374719502E-9
4.523893421169302         9.020019337202779E-9
4.586725274241098         7.2336724998209215E-9
4.649557127312894         4.373156661444176E-9
4.71238898038469          8.403444428714064E-10
4.775220833456485         4.613907697706031E-9
4.838052686528282         1.012009317401324E-8
4.900884539600077         1.585671338354326E-8
4.9637163926718735        2.1201041189416683E-8
5.026548245743669         2.538981824614864E-8
5.0893800988154645        2.752772467827698E-8
5.15221195188726          2.6624158633318287E-8
5.215043804959057         2.165579747771707E-8
5.277875658030853         1.1731354516548974E-8
5.340707511102648         5.946062573283485E-9
5.403539364174444         2.8143372760799943E-8
5.466371217246239         5.832201305808547E-8
5.529203070318036         9.596292830232697E-8
5.592034923389832         1.4072540804741678E-7
5.654866776461628         1.918423694994067E-7
5.717698629533423         2.480802305652779E-7
5.780530482605219         3.0775740701993906E-7
5.843362335677015         3.6880461669677394E-7
5.906194188748811         4.2886310755021835E-7
5.969026041820607         4.854150829542662E-7
6.031857894892402         5.359372921282084E-7
6.094689747964199         5.780658180462859E-7
6.157521601035994         6.097581931069749E-7
6.220353454107791         6.294384675175815E-7
6.283185307179586         6.361118989219423E-7
0                         7.127449671641274E-7
0.06283185307179587       7.055856169757517E-7
0.12566370614359174       6.844604903052209E-7
0.18849555921538758       6.504028664276616E-7
0.25132741228718347       6.050522844218037E-7
0.3141592653589793        5.505387182604133E-7
0.37699111843077515       4.893356111520502E-7
0.43982297150257105       4.2409489128483356E-7
0.5026548245743669        3.5747819448971735E-7
0.5654866776461628        2.919981286660878E-7
0.6283185307179586        2.2988165730111864E-7
0.6911503837897545        1.7296486014859293E-7
0.7539822368615503        1.226249313615364E-7
0.8168140899333463        7.975215905188783E-8
0.8796459430051421        4.4765031116607E-8
0.9424777960769378        1.771357858052538E-8
1.0053096491487339        3.898206940260191E-9
1.0681415022205298        1.5827854853387234E-8
1.1309733552923256        2.313265720818623E-8
1.1938052083641213        2.5821121182852426E-8
1.2566370614359172        2.493478661926812E-8
1.3194689145077132        2.1521532918995095E-8
1.382300767579509         1.654732704262013E-8
1.4451326206513047        1.085088450513502E-8
1.5079644737231006        5.1188221316260014E-9
1.5707963267948966        2.336320129121496E-10
1.6336281798666925        4.536485181067329E-9
1.6964600329384882        7.870777433818278E-9
1.7592918860102842        1.0057049838690364E-8
1.8221237390820801        1.1116361767633241E-8
1.8849555921538756        1.1157402928675944E-8
1.9477874452256716        1.0360962475895374E-8
2.0106192982974678        8.980365998679847E-9
2.0734511513692637        7.379990941135455E-9
2.1362830044410597        6.140305487633919E-9
2.199114857512855         6.030979513511247E-9
2.261946710584651         7.278366840522199E-9
2.324778563656447         9.315125444714258E-9
2.3876104167282426        1.1601838920767733E-8
2.4504422698000385        1.3853519489228011E-8
2.5132741228718345        1.593052046811499E-8
2.57610597594363          1.776607476589975E-8
2.6389378290154264        1.9334187483214283E-8
2.701769682087222         2.0633926113359135E-8
2.764601535159018         2.1680102781682068E-8
2.827433388230814         2.249677505925309E-8
2.8902652413026093        2.311225406708006E-8
2.9530970943744057        2.3555105673281322E-8
3.015928947446201         2.3850932719823505E-8
3.078760800517997         2.401985869385346E-8
3.141592653589793         2.4074701436721793E-8
3.204424506661589         2.401985869385347E-8
3.267256359733385         2.3850932719823562E-8
3.330088212805181         2.3555105673281233E-8
3.3929200658769765        2.3112254067080053E-8
3.4557519189487724        2.249677505925305E-8
3.5185837720205684        2.1680102781682038E-8
3.581415625092364         2.0633926113359128E-8
3.6442474781641603        1.9334187483214307E-8
3.707079331235956         1.776607476589975E-8
3.7699111843077513        1.5930520468114993E-8
3.8327430373795477        1.3853519489228001E-8
3.895574890451343         1.1601838920767774E-8
3.9584067435231396        9.315125444714229E-9
4.0212385965949355        7.2783668405221656E-9
4.084070449666731         6.030979513511243E-9
4.1469023027385274        6.140305487633923E-9
4.209734155810323         7.379990941135439E-9
4.272566008882119         8.980365998679945E-9
4.335397861953915         1.0360962475895354E-8
4.39822971502571          1.1157402928675926E-8
4.461061568097507         1.1116361767633221E-8
4.523893421169302         1.0057049838690296E-8
4.586725274241098         7.870777433818197E-9
4.649557127312894         4.5364851810672685E-9
4.71238898038469          2.336320129120895E-10
4.775220833456485         5.1188221316259245E-9
4.838052686528282         1.0850884505135075E-8
4.900884539600077         1.6547327042619986E-8
4.9637163926718735        2.1521532918995052E-8
5.026548245743669         2.493478661926808E-8
5.0893800988154645        2.5821121182852604E-8
5.15221195188726          2.3132657208186397E-8
5.215043804959057         1.5827854853387085E-8
5.277875658030853         3.898206940260094E-9
5.340707511102648         1.7713578580525125E-8
5.403539364174444         4.4765031116606934E-8
5.466371217246239         7.975215905188729E-8
5.529203070318036         1.2262493136153573E-7
5.592034923389832         1.7296486014859328E-7
5.654866776461628         2.2988165730111782E-7
5.717698629533423         2.919981286660869E-7
5.780530482605219         3.5747819448971597E-7
5.843362335677015         4.240948912848348E-7
5.906194188748811         4.89335611152051E-7
5.969026041820607         5.505387182604147E-7
6.031857894892402         6.050522844218027E-7
6.094689747964199         6.504028664276622E-7
6.157521601035994         6.84460490305219E-7
6.220353454107791         7.055856169757518E-7
6.283185307179586         7.127449671641275E-7
0                         7.857162602760016E-7
0.06283185307179587       7.780547016565935E-7
0.12566370614359174       7.554378613976113E-7
0.18849555921538758       7.18943383156165E-7
0.25132741228718347       6.70283483156035E-7
0.3141592653589793        6.116871408198715E-7
0.37699111843077515       5.45750204155995E-7
0.43982297150257105       4.752664440486361E-7
0.5026548245743669        4.0305375194409366E-7
0.5654866776461628        3.3178938555425344E-7
0.6283185307179586        2.638665386831967E-7
0.6911503837897545        2.0128181407622643E-7
0.7539822368615503        1.4555982250039083E-7
0.8168140899333463        9.771773414603388E-8
0.8796459430051421        5.82707479253118E-8
0.9424777960769378        2.729090312066742E-8
1.0053096491487339        5.039332734394239E-9
1.0681415022205298        1.1957151144684734E-8
1.1309733552923256        2.1120364834307687E-8
1.1938052083641213        2.5128022214937392E-8
1.2566370614359172        2.5042216245662156E-8
1.3194689145077132        2.1989506606218153E-8
1.382300767579509         1.7028897215261158E-8
1.4451326206513047        1.1097738036285426E-8
1.5079644737231006        4.988253014571392E-9
1.5707963267948966        1.014850945113734E-9
1.6336281798666925        5.690786172242526E-9
1.6964600329384882        9.439391939434048E-9
1.7592918860102842        1.19630759489387E-8
1.8221237390820801        1.3255884049545358E-8
1.8849555921538756        1.341545006914456E-8
1.9477874452256716        1.2615738165578078E-8
2.0106192982974678        1.1093219732551851E-8
2.0734511513692637        9.158638166532037E-9
2.1362830044410597        7.27098666445583E-9
2.199114857512855         6.184745492490302E-9
2.261946710584651         6.669126483968031E-9
2.324778563656447         8.509302160172821E-9
2.3876104167282426        1.0958365691370056E-8
2.4504422698000385        1.3553051144847657E-8
2.5132741228718345        1.6075355566953778E-8
2.57610597594363          1.8418880930140064E-8
2.6389378290154264        2.0529446219737725E-8
2.701769682087222         2.238078931487361E-8
2.764601535159018         2.3963290757814127E-8
2.827433388230814         2.527776473193904E-8
2.8902652413026093        2.6331376056229796E-8
2.9530970943744057        2.7134526146121017E-8
3.015928947446201         2.7698275146895163E-8
3.078760800517997         2.8032201357249937E-8
3.141592653589793         2.8142753454350898E-8
3.204424506661589         2.8032201357250042E-8
3.267256359733385         2.7698275146895067E-8
3.330088212805181         2.7134526146120935E-8
3.3929200658769765        2.6331376056229693E-8
3.4557519189487724        2.5277764731939018E-8
3.5185837720205684        2.3963290757814253E-8
3.581415625092364         2.2380789314873605E-8
3.6442474781641603        2.0529446219737692E-8
3.707079331235956         1.8418880930140117E-8
3.7699111843077513        1.6075355566953834E-8
3.8327430373795477        1.355305114484774E-8
3.895574890451343         1.0958365691370076E-8
3.9584067435231396        8.509302160172778E-9
4.0212385965949355        6.669126483967941E-9
4.084070449666731         6.1847454924902195E-9
4.1469023027385274        7.2709866644559135E-9
4.209734155810323         9.158638166532047E-9
4.272566008882119         1.1093219732551815E-8
4.335397861953915         1.2615738165578073E-8
4.39822971502571          1.3415450069144664E-8
4.461061568097507         1.3255884049545383E-8
4.523893421169302         1.1963075948938813E-8
4.586725274241098         9.439391939433919E-9
4.649557127312894         5.690786172242518E-9
4.71238898038469          1.0148509451138087E-9
4.775220833456485         4.98825301457139E-9
4.838052686528282         1.109773803628536E-8
4.900884539600077         1.7028897215260973E-8
4.9637163926718735        2.1989506606218206E-8
5.026548245743669         2.5042216245662404E-8
5.0893800988154645        2.5128022214937273E-8
5.15221195188726          2.112036483430776E-8
5.215043804959057         1.1957151144684541E-8
5.277875658030853         5.0393327343942185E-9
5.340707511102648         2.72909031206671E-8
5.403539364174444         5.827074792531201E-8
5.466371217246239         9.771773414603354E-8
5.529203070318036         1.4555982250039088E-7
5.592034923389832         2.0128181407622614E-7
5.654866776461628         2.6386653868319616E-7
5.717698629533423         3.3178938555425323E-7
5.780530482605219         4.030537519440925E-7
5.843362335677015         4.7526644404863506E-7
5.906194188748811         5.457502041559936E-7
5.969026041820607         6.116871408198728E-7
6.031857894892402         6.702834831560335E-7
6.094689747964199         7.189433831561635E-7
6.157521601035994         7.554378613976116E-7
6.220353454107791         7.780547016565926E-7
6.283185307179586         7.857162602760016E-7
0                         8.596937471377682E-7
0.06283185307179587       8.515013144721798E-7
0.12566370614359174       8.273106714562918E-7
0.18849555921538758       7.882549920099009E-7
0.25132741228718347       7.361359994465323E-7
0.3141592653589793        6.733017639890393E-7
0.37699111843077515       6.024909954213812E-7
0.43982297150257105       5.266571875979237E-7
0.5026548245743669        4.4878720094818334E-7
0.5654866776461628        3.7172862820601716E-7
0.6283185307179586        2.980386808682127E-7
0.6911503837897545        2.2986461650455038E-7
0.7539822368615503        1.688622801157275E-7
0.8168140899333463        1.1615565547596612E-7
0.8796459430051421        7.233726189731149E-8
0.9424777960769378        3.751054667340193E-8
1.0053096491487339        1.1449162169832079E-8
1.0681415022205298        7.554089914392074E-9
1.1309733552923256        1.8691343503609886E-8
1.1938052083641213        2.422171919329252E-8
1.2566370614359172        2.517315889779774E-8
1.3194689145077132        2.2727803841025915E-8
1.382300767579509         1.8008858883137297E-8
1.4451326206513047        1.2021221769427646E-8
1.5079644737231006        5.624676342128982E-9
1.5707963267948966        9.027657522577919E-10
1.6336281798666925        6.0462675085304424E-9
1.6964600329384882        1.0372591293230097E-8
1.7592918860102842        1.3453786504043878E-8
1.8221237390820801        1.5233180810702727E-8
1.8849555921538756        1.5765109530610248E-8
1.9477874452256716        1.518587339889348E-8
2.0106192982974678        1.3694332634618195E-8
2.0734511513692637        1.1546897013505088E-8
2.1362830044410597        9.090117976275155E-9
2.199114857512855         6.90006158106969E-9
2.261946710584651         6.024347572672387E-9
2.324778563656447         7.216410747570232E-9
2.3876104167282426        9.705393588648334E-9
2.4504422698000385        1.2597406662398901E-8
2.5132741228718345        1.5479817030981995E-8
2.57610597594363          1.817091366787854E-8
2.6389378290154264        2.0583444958817036E-8
2.701769682087222         2.267700164337718E-8
2.764601535159018         2.4439069444337755E-8
2.827433388230814         2.5875252574534986E-8
2.8902652413026093        2.7002612339810113E-8
2.9530970943744057        2.784414316936808E-8
3.015928947446201         2.8423832950106424E-8
3.078760800517997         2.8762337927795025E-8
3.141592653589793         2.8873544091610456E-8
3.204424506661589         2.8762337927795012E-8
3.267256359733385         2.842383295010647E-8
3.330088212805181         2.7844143169368037E-8
3.3929200658769765        2.7002612339810003E-8
3.4557519189487724        2.5875252574534963E-8
3.5185837720205684        2.4439069444337718E-8
3.581415625092364         2.2677001643377172E-8
3.6442474781641603        2.058344495881699E-8
3.707079331235956         1.8170913667878593E-8
3.7699111843077513        1.5479817030982002E-8
3.8327430373795477        1.2597406662398886E-8
3.895574890451343         9.705393588648388E-9
3.9584067435231396        7.216410747570179E-9
4.0212385965949355        6.024347572672382E-9
4.084070449666731         6.900061581069701E-9
4.1469023027385274        9.090117976275201E-9
4.209734155810323         1.154689701350512E-8
4.272566008882119         1.3694332634618212E-8
4.335397861953915         1.5185873398893454E-8
4.39822971502571          1.576510953061021E-8
4.461061568097507         1.5233180810702565E-8
4.523893421169302         1.3453786504044034E-8
4.586725274241098         1.037259129323003E-8
4.649557127312894         6.046267508530229E-9
4.71238898038469          9.027657522576225E-10
4.775220833456485         5.624676342129088E-9
4.838052686528282         1.2021221769427633E-8
4.900884539600077         1.800885888313716E-8
4.9637163926718735        2.2727803841025952E-8
5.026548245743669         2.517315889779764E-8
5.0893800988154645        2.4221719193292564E-8
5.15221195188726          1.869134350361029E-8
5.215043804959057         7.554089914392014E-9
5.277875658030853         1.1449162169832274E-8
5.340707511102648         3.751054667340213E-8
5.403539364174444         7.233726189731113E-8
5.466371217246239         1.1615565547596508E-7
5.529203070318036         1.68862280115727E-7
5.592034923389832         2.2986461650454988E-7
5.654866776461628         2.9803868086821366E-7
5.717698629533423         3.7172862820601727E-7
5.780530482605219         4.4878720094818154E-7
5.843362335677015         5.266571875979246E-7
5.906194188748811         6.0249099542138E-7
5.969026041820607         6.733017639890386E-7
6.031857894892402         7.361359994465304E-7
6.094689747964199         7.882549920099005E-7
6.157521601035994         8.273106714562889E-7
6.220353454107791         8.515013144721794E-7
6.283185307179586         8.59693747137768E-7
0                         9.302737425196406E-7
0.06283185307179587       9.215489968723671E-7
0.12566370614359174       8.957809030269038E-7
0.18849555921538758       8.541600257554832E-7
0.25132741228718347       7.985802428495893E-7
0.3141592653589793        7.315115772776871E-7
0.37699111843077515       6.558380792907096E-7
0.43982297150257105       5.746746055132411E-7
0.5026548245743669        4.911776294182218E-7
0.5654866776461628        4.083649676944277E-7
0.6283185307179586        3.2895761854096446E-7
0.6911503837897545        2.5525404761041104E-7
0.7539822368615503        1.8904362106168563E-7
0.8168140899333463        1.3156194999934223E-7
0.8796459430051421        8.348722875478811E-8
0.9424777960769378        4.497430100726406E-8
1.0053096491487339        1.5733531455537826E-8
1.0681415022205298        5.23318802621452E-9
1.1309733552923256        1.826682171953207E-8
1.1938052083641213        2.5016715771003412E-8
1.2566370614359172        2.664293846145807E-8
1.3194689145077132        2.44114214429074E-8
1.382300767579509         1.9531880910171234E-8
1.4451326206513047        1.3100589771060227E-8
1.5079644737231006        6.077516111894661E-9
1.5707963267948966        1.3376913002941303E-9
1.6336281798666925        7.203921665669449E-9
1.6964600329384882        1.228066777999241E-8
1.7592918860102842        1.603523528675188E-8
1.8221237390820801        1.8366948040231936E-8
1.8849555921538756        1.9302945289309473E-8
1.9477874452256716        1.8963417524809947E-8
2.0106192982974678        1.7535368389369154E-8
2.0734511513692637        1.5252701922243473E-8
2.1362830044410597        1.2389410379796235E-8
2.199114857512855         9.289548824200788E-9
2.261946710584651         6.52597929323524E-9
2.324778563656447         5.323780671922198E-9
2.3876104167282426        6.659397694381847E-9
2.4504422698000385        9.348490531850157E-9
2.5132741228718345        1.2318413829220093E-8
2.57610597594363          1.5182647587987453E-8
2.6389378290154264        1.7798122820747653E-8
2.701769682087222         2.010657779457122E-8
2.764601535159018         2.2086830870924468E-8
2.827433388230814         2.3736431618478103E-8
2.8902652413026093        2.5062547525291207E-8
2.9530970943744057        2.6076534132862825E-8
3.015928947446201         2.6790358928256063E-8
3.078760800517997         2.7214164074122752E-8
3.141592653589793         2.735465368255519E-8
3.204424506661589         2.721416407412274E-8
3.267256359733385         2.6790358928256097E-8
3.330088212805181         2.60765341328627E-8
3.3929200658769765        2.506254752529124E-8
3.4557519189487724        2.3736431618478127E-8
3.5185837720205684        2.208683087092441E-8
3.581415625092364         2.010657779457125E-8
3.6442474781641603        1.779812282074762E-8
3.707079331235956         1.5182647587987542E-8
3.7699111843077513        1.2318413829220095E-8
3.8327430373795477        9.348490531850128E-9
3.895574890451343         6.659397694381908E-9
3.9584067435231396        5.323780671922208E-9
4.0212385965949355        6.525979293235223E-9
4.084070449666731         9.289548824200808E-9
4.1469023027385274        1.2389410379796275E-8
4.209734155810323         1.5252701922243506E-8
4.272566008882119         1.7535368389369177E-8
4.335397861953915         1.89634175248098E-8
4.39822971502571          1.9302945289309433E-8
4.461061568097507         1.8366948040232E-8
4.523893421169302         1.603523528675208E-8
4.586725274241098         1.2280667779992204E-8
4.649557127312894         7.2039216656693016E-9
4.71238898038469          1.3376913002940064E-9
4.775220833456485         6.0775161118947144E-9
4.838052686528282         1.310058977106015E-8
4.900884539600077         1.953188091017118E-8
4.9637163926718735        2.441142144290747E-8
5.026548245743669         2.6642938461458076E-8
5.0893800988154645        2.501671577100351E-8
5.15221195188726          1.8266821719531768E-8
5.215043804959057         5.2331880262141105E-9
5.277875658030853         1.5733531455537555E-8
5.340707511102648         4.497430100726436E-8
5.403539364174444         8.348722875478716E-8
5.466371217246239         1.3156194999934196E-7
5.529203070318036         1.8904362106168452E-7
5.592034923389832         2.552540476104096E-7
5.654866776461628         3.289576185409648E-7
5.717698629533423         4.083649676944267E-7
5.780530482605219         4.911776294182216E-7
5.843362335677015         5.746746055132396E-7
5.906194188748811         6.558380792907096E-7
5.969026041820607         7.315115772776874E-7
6.031857894892402         7.985802428495896E-7
6.094689747964199         8.541600257554819E-7
6.157521601035994         8.957809030269029E-7
6.220353454107791         9.215489968723684E-7
6.283185307179586         9.302737425196407E-7
